23 6 2019 1 1234.000000 1770.000000
23 6 2019 1 0.000000 1770.000000
23 6 2019 1 5.000000 1775.000000
23 6 2019 1 1234.000000 1234.000000
23 6 2019 0 0.000000 1234.000000
23 6 2019 0 100.000000 1134.000000
23 6 2019 0 55.000000 1079.000000
27 6 2019 0 30.000000 1049.000000
27 6 2019 0 20.000000 1029.000000
27 6 2019 0 50.000000 979.000000
27 6 2019 0 30.000000 949.000000
27 6 2019 0 15.000000 934.000000
30 6 2019 1 100.000000 1034.000000
1 7 2019 0 300.000000 734.000000
1 7 2019 1 3000.000000 3734.000000
1 7 2019 1 1500.000000 5234.000000
