23 6 2019 0 300.000000 0.000000 250.000000
23 6 2019 1 250.000000 0.000000 250.000000
23 6 2019 1 250.000000 0.000000 500.000000
23 6 2019 1 3.000000 0.000000 500.000000
23 6 2019 1 4.000000 4.000000 500.000000
23 6 2019 0 10.000000 0.000000 494.000000
1 7 2019 1 1000.000000 655.000000 500.000000
1 7 2019 1 5000.000000 5655.000000 500.000000
1 7 2019 1 1200.000000 6855.000000 500.000000
1 7 2019 0 100.000000 0.000000 100.000000
1 7 2019 0 50.000000 50.000000 50.000000
1 7 2019 1 3000.000000 3050.000000 500.000000
1 7 2019 0 -18951172187.200001 18951175237.200001 18951175237.200001
1 7 2019 1 3000.000000 3500.000000 500.000000
1 7 2019 0 -18951172187.200001 18951175687.200001 18951175687.200001
1 7 2019 1 3000.000000 3500.000000 500.000000
1 7 2019 0 282.700000 3217.300000 3217.300000
1 7 2019 0 282.700000 2934.600000 2934.600000
